gpu = 26.666999101638794

cpu = 30.83999729156494


test 2


